1.106372020179097682e+01
4.833012392222653553e+00
1.351108654668116804e+00
9.582489315826233645e-01
8.524895117489138530e-01
6.651196935886355410e-01
5.178857632266938849e-01
2.721582804089516805e-01
1.299510650171261938e-01
1.120253043276197569e-01
9.797468751456553382e-02
6.415332730647481385e-02
4.320110352531830039e-02
1.773645329179448712e-02
1.046033594237915330e-02
5.624896908862112195e-03
2.090537953840644007e-03
1.953020383082583423e-03
8.647479816308917180e-04
2.210926097421179245e-04
1.000004938205397972e-10
1.000000011102880664e-10
9.999999982429727726e-11
