1.195646246523205392e+01
3.832772353363906870e+00
1.408926405003456006e+00
1.091642893046919971e+00
1.081231306931010216e+00
8.770474057765734743e-01
7.861194396692192665e-01
6.880485072594141327e-01
4.609199939630018727e-01
2.691077309163479314e-01
1.792747037335437332e-01
1.279675999177511680e-01
1.118736661908181496e-01
5.428801036480689762e-02
2.855978223483766898e-02
1.952087498781685665e-02
1.312531379433582585e-02
6.702483320564900544e-03
4.213119640285590585e-03
1.395438261658202414e-03
5.407553019401216366e-04
2.231087739226949923e-04
3.664461581317930954e-05
