1.199963604744966084e+01
5.211936566798300419e+00
1.220270126829128499e+00
1.144276624282578814e+00
7.974064183382496562e-01
6.820927783202230810e-01
6.031426844600527026e-01
3.682997007127515876e-01
2.460272862771036573e-01
2.271300847241320420e-01
1.911556273456854749e-01
1.065475672611694291e-01
5.991331661458949853e-02
5.188977544055850544e-02
3.525566168667702144e-02
2.011915553338552987e-02
1.649467375389410823e-02
1.081710690594194640e-02
5.474458013280528342e-03
1.404407630538018811e-03
5.448749035089033152e-04
1.368171846377214411e-04
2.824183395276198309e-05
