1.008797758440386971e+01
6.288948094221688656e+00
1.672129976351152125e+00
1.098802583097263641e+00
1.013498395333585433e+00
7.827784125275695226e-01
5.738728044765696312e-01
4.029868293565945225e-01
3.296678732455172178e-01
2.871106174424329915e-01
1.705043648247838994e-01
1.266764099296041057e-01
5.636281348114195733e-02
3.651589087003768302e-02
2.858357248806304290e-02
2.038125722232381198e-02
1.221555419702538385e-02
5.869361123139555866e-03
2.998196856554792653e-03
1.161840842884738056e-03
5.136403694066187875e-04
4.165917253837242884e-04
2.733791340736618130e-05
