1.300489526996637757e+01
3.211848839171153269e+00
1.826071262940425877e+00
1.210020245692734697e+00
1.001156224884584223e+00
8.432778242070247954e-01
6.030831423046817408e-01
4.618678349433917307e-01
2.202096588587112436e-01
1.970541448315353272e-01
1.320676150151866013e-01
1.080834268538759108e-01
6.444387039310318921e-02
4.802440240411710859e-02
3.037099692469335047e-02
1.812914610094337048e-02
1.113309858750782463e-02
4.588055277515715007e-03
1.680923109308512945e-03
1.116367807658961899e-03
7.313136958146332703e-04
1.375406853206977750e-04
8.797644335339619394e-06
