1.018277351383124874e+01
5.629961014798978702e+00
1.946266086643232196e+00
1.339385002914626588e+00
1.028062176212277246e+00
8.969524713991611220e-01
5.635808690418031563e-01
5.300199820428946884e-01
3.186410897546788079e-01
1.727086717448739761e-01
1.238987254197050358e-01
8.969177536202309342e-02
6.623515224665683931e-02
4.436323899332833554e-02
3.352289692269055932e-02
1.548629160404527486e-02
8.805457963395733889e-03
5.961524075202215278e-03
2.137148899709488074e-03
8.693845731685136916e-04
4.739550905729755770e-04
1.656996052677895835e-04
3.787316045866079127e-05
