9.907466269899551037e+00
5.828722129255743845e+00
1.554958850929554215e+00
1.282123291952822930e+00
1.071282771114021148e+00
8.493313979877351594e-01
7.461387068370513020e-01
6.457086374380820448e-01
2.986902204874942734e-01
2.793205019397372313e-01
1.890930551443002483e-01
1.197196537413624112e-01
6.622481378252337292e-02
6.308230602751165039e-02
4.507476619266875817e-02
2.303326875517281228e-02
1.258212794246541845e-02
9.253462246953557055e-03
4.470418521486787221e-03
1.618374407190223494e-03
1.224119452171631593e-03
8.139564642701901205e-04
6.690178012814044768e-05
