9.268819567212441157e+00
5.168337283774726565e+00
3.769898314030293740e+00
1.170843705674454283e+00
9.529422669873373053e-01
7.784034119622879055e-01
5.801854168679860813e-01
3.772529192892219996e-01
2.812170424183516593e-01
2.265443207136260406e-01
1.289926727534987383e-01
7.485292180824297537e-02
6.269758368986280694e-02
5.902724036191331347e-02
4.227950336943560317e-02
2.952731274518592339e-02
1.323378140732701068e-02
6.757082216172769981e-03
4.345432456373492583e-03
2.730785319231086774e-03
1.034290954068623793e-03
7.714618796247536023e-05
9.999959970202124365e-11
