1.075220171722936868e+01
3.954496318066607508e+00
1.789229529462374346e+00
1.465682631787343038e+00
1.164873126423962679e+00
1.012105734148911695e+00
6.563364834931493252e-01
5.895866085516393573e-01
4.800463709243567578e-01
3.513735700274227547e-01
3.017025045360119395e-01
1.633681654216671275e-01
1.411950531409633114e-01
7.213527535121992684e-02
4.636117117840513752e-02
2.943143630780389527e-02
1.651505321208523655e-02
7.995968135746165176e-03
2.923542817765288539e-03
1.493975342107285460e-03
8.605766607416941551e-04
8.518998034658132603e-05
1.000005978952468035e-10
